Sample_MD5                                        Original  Random_Y  Random_N  
780de6b64f66df51bf6b34fb7f7eefa4.bin              67.19     57.35     58.82
f8d0efed3bb47aa9630918d9f9181a66.bin              68.66     50.00     50.00
b108f2c79ac5e6a3ee4bf43ccb03cfc2.bin              33.82     33.82     16.18
3154c5a67d887b8e390a2a805658915f.bin              67.65     47.76     48.53
9e6c5997b7d2966898997f60c0400246.bin              73.53     50.75     51.47
afe963fe8ec75b8974cc232129e0101f.bin              61.76     48.53     48.53
805f48f1295e28cc82c180844e3165d6.bin              70.59     38.24     38.24
b370ec08ffb238cca38cd674efcb6333.bin              57.35     48.53     48.53
f35c5b1fd1fc0e93810a47dc49cdc49d.bin              69.12     47.06     47.06
4020403d9c172c650173c4a982172dea.bin              69.12     58.82     57.35
8a25bb8f151ebe422d69a310ab35380c.bin              91.18     76.12     69.12
fb5ff4f0c697367f2c9399c73eb445ca.bin              63.24     45.59     44.12
44d9b735d3c4c209ce1123590e5a883d.bin              64.71     57.35     57.35
357b0f1f5b4505b216d4dc9b488e556f.bin              70.59     53.73     55.22
76e8914810f26407c1cc1751603935f6.bin              66.18     46.27     50.00
b53c18cfeb12feb188fa330022721113.bin              70.59     44.12     40.91
8894ba09e943f6249d3000927facb575.bin              58.82     35.29     33.82
d9b535c84a238baf837086aa23c51319.bin              82.35     67.65     68.18
99e71c359a0278a11fd3702d51157997.bin              73.53     35.29     36.76
fe5e6312d0d002d8d9c65f59b9a890fc.bin              69.12     54.41     50.75
658a4122747f61bc6d2463363e013f7e.bin              48.53     26.47     38.24
246023b0494cb06037b34579ff81cdd7.bin              76.47     51.47     52.94
7ee599002d20136770ae4fce7c42446a.bin              80.88     44.78     42.65
c54231c638730c3f71db491968283534.bin              67.65     48.53     52.24
5c2b4bff666b535832ef47f5d7789c37.bin              69.12     57.35     55.22
74ae605f704fd406c0ffdffa7e2d0363.bin              66.18     29.85     35.29
476333fc640a9786fb6a665aab131de2.bin              66.18     45.59     47.06
0f314cf1ae8db62b4973adbc92054ccf.bin              51.47     38.24     37.88
83cd72c5d6f734c308aed40b46704ca8.bin              67.65     32.26     36.76
96c55ba5047e27c23da2a73633f43e76.bin              75.00     30.88     30.88
3d67e4159e353c3792cd7ba3569da36b.bin              48.53     24.24     22.06
26f30f7a2c13f06f6e791ce4768e80df.bin              60.29     44.12     43.28
6f88fa1ded45d28e08ffcafab4f342ce.bin              75.00     60.29     60.61
6ac58fb1bf59cc97021574059bd339d1.bin              67.16     50.00     50.00
5eca75795122a6a102e41c0874519f72.bin              23.53     17.91     10.29
1251d1c3fc4de58c736e0eb7c331357a.bin              67.65     58.82     58.82
a39ee772757b3fec7be3e5077a4f59ad.bin              73.53     55.22     56.72
4951a723ea3b963b0622e87d6f669e8a.bin              69.12     58.82     58.82
dd69dd6b9c916a758e15b13c0596ec70.bin              75.00     54.41     54.41
be5b521c0e9f80b272fbb808ca845cf8.bin              63.24     50.00     50.75
3216f0e8875574958dc40276717911c5.bin              73.53     55.88     55.88
d8d5a40593a8bb9deeab96226d3652db.bin              61.76     50.00     50.00
ac6c35f01d0908218513a7cc97b44c16.bin              83.82     61.19     73.53
59953c7bf6fd0d9af52a483c5f993b66.bin              64.71     47.76     50.75
09848f035b69a2181b52231b79d151a1.bin              76.47     47.06     42.65
aaab67c8aa5be7023cdc15d0d62f7a5d.bin              88.06     82.35     78.46
1d08d2268eeabc72630cc2a7eb1c5e0f.bin              58.82     52.94     49.25
20da54f13732b059b4fb67177b7de14c.bin              70.59     39.39     41.18
9843b5e48ecb45f176a19b840da2fd3e.bin              73.53     42.65     42.65
4c84acd1b403ea4eff125f257811fc6a.bin              72.06     32.84     29.41
6c8fa94b8396cf67c724865f936ca5d2.bin              75.00     32.35     30.88
d765a74cb00109bc41a0018d17f5e8a0.bin              60.29     10.29      8.82
99b5f413e1ee1bd269d902226f5a3649.bin              63.24     57.35     56.72
f0a4d9aed15820796d6ee590b908f5c5.bin              70.59     37.31     35.29
e5835982150dbfa2b57b09e497e71bbc.bin              76.47     48.53     50.00
4b4fcd587bedc10c5f9443b3a62691ac.bin              81.82     47.06     43.94
fbcf2062b094d3e77bace6dc341024bd.bin              70.59     53.03     50.00
b4a034ac76299e374941cb5ce53811b8.bin              67.65     34.33     35.29
6d54ad690742d91f2b509f1a1b58106e.bin              73.53     30.88     27.94
542cee3beaf10ac84692309e2a062242.bin              70.15     27.94     19.12
19b33b6a3364c56bec62097d1970c860.bin              72.06     44.12     44.12
5e7a17a25c8b161bcb3eaf692713be98.bin              58.82     50.00     49.25
a5cf69f136de88f6826b2f97748fafc9.bin              67.65     52.94     52.94
d0a52599d80e35a9e7d80838e1d21967.bin              73.53     45.59     45.59
68c00c7706169601ead8a0383a812525.bin              64.71     64.71     64.71
9f1aeca41d2da7ef2a441961077474f1.bin              76.47     39.71     41.18
01abc326ebed56eb32d0add38e60dab9.bin              72.06     47.06     47.06
cf517d077e9c152120787eb6b251615b.bin              76.47     51.47     54.41
4174abe60807ef24eeec4bf7c169cb58.bin              70.59     52.94     54.41
3ff7f5a070ddc3534176b4746c9933d0.bin              77.94     53.73     54.41
40ba690dd9d98bdc91cc4b501b055f6e.bin              66.18     42.65     41.79
ecd80cc7c803fe3edb81a3ec8aa6ddb5.bin              76.47     32.84     31.34
6555ac3410be5cf2214c5b9dce27539a.bin              76.47     47.06     42.65
b8bb25784174210605855ad16fbbce56.bin              79.10     82.35     76.47
bd0b4d9db71b65fb473192a3be069f13.bin              66.18     51.47     52.94
165b91c44d73e22c5a93b1ff01b40af9.bin              70.59     48.53     48.53
3a65fbddc2eeffb6c13756cacf50fbfe.bin              70.59     58.82     57.58
15951ef1b1acc8dfbe7c7b18c93f217d.bin              72.06     58.82     58.82
dea360f226c5145758d9a7e865703504.bin              68.66     50.00     47.06
f74cf8cb39b96409161b9a7fb245a84d.bin              75.00     23.53     29.41
47974c03fde634a282ba042b46495f35.bin              67.65     51.47     52.24
ed44b7f41bbadeef617546f8d3ee54fa.bin              73.53     44.12     44.12
6687d5e8cc25406924e5f1982ef07b93.bin              76.47     42.65     35.29
cad95b9482b82956464549a8b736706f.bin              71.64     32.35     33.82
535e5d7bfc4a43dec955c964f7362819.bin              70.59     55.88     55.88
fc5637237f6f584a3f9f8c77d47962bb.bin              68.66     54.41     48.53
8a7135ecb769eb88863397dc81f7e8cc.bin              83.82     45.59     45.45
33f3b3bbd676d369c29ee781b120e1e0.bin              70.59     38.24     20.90
f198675dedb9a5b6fc5775b15a983e1f.bin              67.65     60.29     61.19
2a2588727676d1a57e840161a28de985.bin              63.24     54.41     54.55
ec2c729f10319b9c7df3d7ddb9230176.bin              66.18     48.53     50.00
d20445f233b1528542f558521fd48bc8.bin              72.06     44.78     42.65
4f96859089145d26ea2f635ea8d75e2f.bin              70.59     55.88     54.55
77ce16b01759bd54d00f7c9c7f90d779.bin              75.00     55.88     54.41
fa5c865c5dd6a60818acab8825e1e1d4.bin              60.29     27.94     38.81
75ecec59676f9258a5ce81eb9c8f0ecf.bin              67.65     41.18     41.79
c0aa0d018eeb72a519365046a115af76.bin              60.29     50.00     50.00
e6efd5c842c73490ff4678730b420475.bin              41.18     17.65     26.47
57dd8a7e89a73371eec1b5c596f20c4c.bin              73.53     33.82     30.88
21ebdcada6391237c22ca0eee3cb3a29.bin              72.06     39.71     38.81
b89327e9d8d36c1fb252412fb159f6b1.bin              69.12     34.33     33.82
aa8fc64e0529300e746853ab157c6471.bin              63.24     17.65     27.94
890900cff8d9a2277fd92f9dc1ce693e.bin              59.70     18.18     26.47
1baf76852c0d0710669c66aaa7f2e6cd.bin              70.59     29.41     25.37
afed48895bd38436a75c208b8edf4cd5.bin              67.65     58.21     59.70
e9d45ae00c2978d527c2eb60ee381813.bin              75.00     40.30     42.42
42546f742238e826f935ae951d8a3982.bin              53.03     30.88     23.53
23e8cd6bf9487a60b3dc9ccfb7480228.bin              69.12     36.76     36.76
6143de7aea28f75334cc3940a5e43a24.bin              58.82     36.76     33.82
0ed7544964d66dc0de3db3e364953346.bin              73.53     51.47     53.73
f74822b16dd29c657a5f4260d2b17e6f.bin              69.12     25.37     31.34
53864b0f3691eeba2bd8c6f6107d3297.bin              61.76     16.18     17.65
3654e44068619769592edf8ee994b1df.bin              69.12     57.35     57.35
82b32d1a3c49d5830c54c2564ba054f3.bin              72.06     56.72     58.46
57a119e51de12d763b4551c45d918336.bin              73.13     59.70     61.76
cba6395eaa2083710b5b62d3d656cea3.bin              70.59     60.00     60.29
d8a424ae85d7d47fea6bc19cb42d4b18.bin              70.59     34.33     29.85
8daf40dc4171a12ec623fbde7aaf4152.bin              66.18     14.71     14.71
1912420fae583094f6bd805684d64d42.bin              61.76     48.48     48.53
22b3c215025b8d62d051f9f5d8f35848.bin              70.59     52.94     52.94
e329948c835e7f885e1c23f7a5fa609b.bin              58.82     20.59     27.94
f2c62ded6153bbf33febb59463202dee.bin              67.65     55.88     54.41
07ce7152dcb4ba99c9b05c4a959be577.bin              69.12     39.71     36.76
ddde5bbd84d1e758cdeb333e503461d0.bin              54.41     26.47     26.47
183039e46bd3e096c7714cefdd2cd97a.bin              60.29     29.41     29.41
e7620918876dafb0cc9c7dd86223c480.bin              63.24     48.53     47.76
6211bda9a6327a74ca3e10eda143738b.bin              67.16     29.85     29.85
6eb5a49b9e739aac0bacf34e427f2e23.bin              66.18     55.88     55.88
dba142b48c3d3f07a79ab44e7c1540f6.bin              67.65     61.76     61.19
b35504ccfa3cf85db2142c65c0ad79bd.bin              76.47     26.47     32.35
171214c292ec509adf349907f4a9f005.bin              58.82     17.91     17.65
1189e6d5fe05d11b7ff79442fac98911.bin              70.59     36.76     40.30
793032e739fa3923a51c4cd83f0df8e0.bin              64.71     52.24     49.25
3c82050af60d4b64f87eb6fc334b1c41.bin              70.59     44.12     41.79
724526236b2ea58edfbfe7a3f6c96e21.bin              75.00     54.41     54.41
5d70cfd9ed860fd01c03895d5ab9d15c.bin              72.06     25.00     30.30
f76849218adceb805e702a45b85c907c.bin              63.24     19.12     23.88
9b30f8ac97733dac0fa5a02530f2b94c.bin              66.18     40.30     44.12
5e8f8c58b815679477bdd751ccf188ec.bin              52.24     49.25     44.12
63fa4bcce80a769e5460af9f82c375ca.bin              66.18     57.35     58.82
68dd9b08196109779a6d3a6d9e2d4474.bin              66.18     47.06     46.27
c8ee92c5e40e15fbb5aaffeeff2770ff.bin              75.00     64.71     64.18
d1a91e6b83410c2db9345bcf0acf3a2d.bin              66.18     25.37     39.71
468ccc13578180ea0c74ec0e9fdd0406.bin              63.24     42.65     36.92
435779859f4126b8e42c6628b45fdb14.bin              60.29     44.12     43.28
73b0666d1459b511d3c8dca8c9bd2188.bin              66.18     29.41     34.33
cbd7fb2cb315f8495c51649a4df9583f.bin              64.18     36.76     38.24
e1b814e41c48068721cbe0b5d8cdf178.bin              69.12     54.41     52.94
174b2f6946b83b772efdd81d6a5cd244.bin              64.71     36.76     36.76
4db825cd6443fd28af3e23f6f5a17142.bin              70.59     45.59     38.81
ee36c10ee1fef4e26066eb7cdcbbeaae.bin              70.59     61.76     61.76
a2b7de57931ff0c002da5ddf86ebbf71.bin              67.65     50.75     50.00
a1bfee16153d2f037dbbe668610ef414.bin              64.71     55.88     57.35
7137532f7c07b66b72b5873a1929db34.bin              67.16     28.36     36.76
35589065c7d6726c315cb71da211cf9e.bin              66.18     44.78     41.18
509048748da8071701d37b2e85698c09.bin              73.13     38.81     38.81
d4ff6ab97215cf33e55ac6d26060efeb.bin              54.41     20.59     25.00
2158ff8d7e0f953d032ccb2a2bcdce9a.bin              63.24     35.29     35.29
acf763bd150b677de89bb6e29537ee0a.bin              70.77     39.71     36.76
6b0292583184cbe0fcd6cb62e086c3b1.bin              70.59     35.82     30.88
4c944807fded702d2a4541b3d1c53a6c.bin              69.12     30.88     33.82
77ae2d0523b6a8adafdd1cb7c2d8511c.bin              62.69     51.47     51.47
28e92427192f81f6f697f7af9e7d5d97.bin              67.65     47.06     45.59
d13e465cfc38aa84aaedc00ec793e6e7.bin              73.53     36.76     36.76
f6e236e0c420a309898b6478e206ce5e.bin              62.69     52.94     54.41
5473299167525c8d0addb8248900606a.bin              63.24     14.71     17.65
8f836d2d7bb66678e40e3adffb89ed5e.bin              70.59     32.35     32.35
ddc8bd040f0e83d0917442c88405f086.bin              77.94     51.47     52.94
33e942715c171c43bdfaa4657bef01a6.bin              58.82     50.00     45.59
6d3718a080ea9c100818330f82e58fe6.bin              67.65     43.28     39.71
375824fda46e5e0aded7b69d34f4e95c.bin              66.18     54.41     53.73
3a289ca844a9b8fd168394f107bc9b2d.bin              66.18     38.24     36.76
17465be0df68e5a6e98a106bc9ad397f.bin              70.59     52.94     51.47
45010233b78f4fda14a6a37546b74487.bin              72.06     33.82     32.35
d754b90f321300c88c9fc2871bc7ed7d.bin              73.53     52.94     52.94
f9f494a837883bb91ec6c7e4cc52d084.bin              73.53     25.00     29.41
4d294910ef2511eb256945ec448b105c.bin              74.63     25.00     23.53
03ce6cd8907fdfdf37297069f1614a2c.bin              88.24     79.10     77.94
add495a221dfd7b34bb1cea4eb9d0004.bin              72.06     57.35     57.58
3a6abc7a3671197f40ac2ac4b3f80ee3.bin              67.65     47.06     47.76
14f454b82848695d8b9b3cac294bf148.bin              72.06     55.88     53.03
1c0d162ee16dedc5b2baa91df4132917.bin              75.00     60.29     61.76
aecaf977f4aafb1adb690d3c6e78feea.bin              67.65     28.79     33.82
1ccaac59a308bdfe013814eae7ead3f6.bin              58.82     33.82     33.82
bb28431d0cde649f6cb966eb5b2406ec.bin              72.73     43.28     45.59
13f5660a37db254009e8991ab5eafd66.bin              66.18     52.94     52.94
06d44a70097123ef214e05edc7e925e1.bin              71.64     58.46     60.29
1ecbb25a5f22c4e1521843794cd933ce.bin              75.00     55.88     55.88
734f8cb185f8d5f7ef129ab524025741.bin              71.64     60.29     58.21
f48b1f35bfe70596995b07f7fc29bae3.bin              73.13     42.65     17.91
12d25ec008da1c76e786aed479ee9762.bin              73.53     32.35     22.06
1a583d39dc87599540294cbe0701a488.bin              62.69     58.82     58.82
53707d5e961973692f9b8bd5b2bc7de3.bin              76.47     43.28     43.28
e43381f6570a53d3e263da32aacbeeb4.bin              71.64     36.76     35.29
7e5078e794759753e8983187a06e3f4e.bin              76.47     41.18     35.29
da9061713240abeaa9c14b1138c6f673.bin              60.29     36.76     36.76
97ee8ccc27123331eee6125d8c14accc.bin              73.53     23.53     23.53
f9c2b0a9bf34d2e6698359319dc8dd76.bin              72.06     61.76     61.19
5b4303f827e9b12f314df4b69a03062d.bin              73.53     26.47     26.87
1404a5f651047d7ad7864fb8a5db8554.bin              80.88     47.06     45.59
e24e1e32bd102543680d4589f5a9acb0.bin              68.66     39.71     41.18
94ad9ac355c59b86081bcafd21860c89.bin              73.53     39.71     38.81
a4ec2b0af6d18197c31718101c296a35.bin              57.35     22.06     28.36
387bca5aa96c10ac0374da7c691d71f8.bin              69.12     52.94     55.88
dbca16e7837986e1b5b1c76a30999599.bin              72.06     50.00     52.94
7551deed09ff352c111c5b76a194edef.bin              72.06     48.53     50.00
a755170e69a26ac3a3d66811e1bb7fb4.bin              51.47     45.59     47.06
47a054a1a6d415d99f3ec1c6cadff1b4.bin              70.59     32.84     25.37
371deaeabd7253fb4d814668902d85e5.bin              57.35     19.12     19.12
5b3a537e576f668ea992ce7bdb419e85.bin              69.12     59.70     58.82
056643481e0c7089b369b98cd247c21e.bin              60.29     44.78     50.00
f40fdf2c647a652d768e84bae2e792a9.bin               7.35      5.88      4.41
e2da49342a00dedd2267970dbd327df3.bin              79.69     44.12     30.88
b7f44cc01ceb0e0f24cfb50abd4fae70.bin              61.76     36.76     35.29
0cb6aa123c1958d72fc2c015c632417b.bin              73.53     50.75     50.00
fafaac5a32d7a3aa55f04ef1ac5bcde2.bin              70.59     46.27     33.82
a221c2ee753ba4a603ed8a6331f2d7cb.bin              72.06     29.41     29.41
0183f4781b66d429f1dbfdec49d0b93f.bin              72.06     33.82     23.53
6051aabd5fbb41c2d12210a5856cfebf.bin              78.46     55.88     56.72
c21adebb6a68b9f4d3b524ea8d6728be.bin              69.12     61.76     57.35
7c0967f17b7a58b4c7301e0566b82d4c.bin              67.65     32.35     32.35
fce425ba0b57eafa96adcd33e21a6eb6.bin              67.65     51.47     52.24
016462e8e0ecd54fe8d021ef3e26a832.bin              58.82     20.59     23.53
c74a0d5a6441bfa91f2f0ed54358a8ea.bin              64.71     48.53     49.25
e710ddd9d8e3e6379cab6f343fb62739.bin              64.71     50.75     52.94
cee3b4b88b4a40e35a7fbca7ff1bb06d.bin              67.65     53.73     55.22
76f25c4df5e337efa06f7c0d0f39d264.bin              75.00     54.41     51.47
913676d855685f1f698b1e6878c09e6e.bin              67.65     51.47     48.53
befc9f6ea4c9ebf2d9a93926f89232b3.bin              67.65     20.59     31.34
ee38e40d13cfee4d0fb24624c152fb48.bin              47.06     27.94     39.71
61b336c38474dd29b0649a9a95878daa.bin              75.00     26.87     32.35
2ac77bfbd7840099dffcc22310260b9d.bin              75.00     42.65     44.12
0eefff96f2ac3a1fb941be130344c659.bin              71.64     50.00     48.53
040752aa7c66b7d649c7b2eae9189f11.bin              73.53     48.53     50.00
01962822d0fa8f5473e27a80540ad5ef.bin              47.06     25.00     23.53
e005f945e56414a7f0e38c4f71bd4ec1.bin              73.53     50.00     39.71
ee14d354985de2b08bbaab4255794da0.bin              55.88     47.76     47.06
214d9ab245a3e1bcbd2d21c07bfee114.bin              72.06     38.24     35.29
d06e5ca692cef87eac0952c057148676.bin              63.24     30.88     32.35
93d1d86603da1a05c32cfc093422f03a.bin              71.64     34.33     35.29
e6277c9532cc470703c93cb50851c304.bin              72.06     63.24     63.24
ee252a0953c24800081163acbabc0e5b.bin              72.06     55.88     55.88
2940a559c5f28dfcc509b354ca357c4d.bin              58.82     47.06     47.06
83d3bb5370dfce1d15c2060e51406211.bin              64.71     35.29     38.24
cb7879307af481d599a50a3b37ccb166.bin              88.24     69.12     68.66
e34510f6b03aec9c35997d3d0bc23baa.bin              72.06     32.35     22.06
5646516f9069627c54a3878c3af85286.bin              82.35     73.53     73.53
a8dc55236be2b5251e320766e9a2ae91.bin              67.65     58.82     58.82
3451afb91a8b3ed7a5d70da4366ade0e.bin              67.65     44.12     35.29
20ca18bb1d079f42bb8a416b55cf3e61.bin              72.06     38.81     35.29
09d23cc5ddc7339fa2aeb5f0dc76e5fe.bin              70.59     30.88     19.40
6f10870b713b0b0e59237d867340d0e9.bin              70.59     58.82     51.47
95d663d52f50efa87ddba822c8ad939e.bin              72.73     39.71     37.31
66a376664502fb9bf77c36328d61c4e9.bin              75.00     51.47     50.00
8c79808640567c16efaffbe8cbb2118b.bin              60.29     19.12     26.87
9b2006b0301c0c6d407629d19dfc4dc9.bin              72.06     27.27     28.79
a191bcc179d22bb909de07482f683a62.bin              76.47     51.47     53.73
cadc72d68f958f7ec8bf337f13c89a7f.bin              66.18     38.24     39.71
4b2329c27840c647ff1145c001a71549.bin              59.70     42.65     42.65
52bc5612ae5e6dc087185b3f642bd254.bin              77.61     52.94     50.00
846b9e780388604c9859d1619706a842.bin              69.12     52.94     51.52
55c05eed7de51bd0c13953d6895acc32.bin              71.21     41.18     35.29
eb415fde64c910eaedc862cb6065efc8.bin              72.06     65.15     64.18
19daee84c115edb5dddc40cf9ec2cf6a.bin              70.15     50.00     47.76
6d1ac924757e6807b4e416dab0ebb822.bin              69.12     57.35     58.82
868e9ecf3e1a6fdaa9789296d7bfc1b6.bin              67.65     40.91     45.59
f56ac463ac36e596bb197100f88bb1fd.bin              75.00     52.24     47.06
8342f41f2fc7bcb29150c2f96fe88f2e.bin              61.76     43.28     45.59
59a48c5ad37dd0fa6aa96742148d3f6e.bin              67.65     59.70     60.29
6c83e83d5098ba8086060ca95139f66d.bin              64.71     51.47     50.00
7766bb82bd5e3f5af455c7b04c39d666.bin              73.53     59.09     60.29
3761991d4a76c6188055f501736c5ff2.bin              67.65     42.65     44.12
07ed01a594f6feb9235f7f0677c8e518.bin              61.76     19.12     19.12
6fca49b85aa38ee016e39e14b9f9d6d9.bin               1.47      1.47      1.47
9fd37308768b2670da103345029ebcc8.bin              73.53     48.53     47.06
63f1f3f47341b6d94888e9083ed58660.bin              73.53     27.94     27.94
668bd01802c5574170f74e3e4d360df0.bin              67.65     53.73     56.72
8b9302a4878d5a30a3f318e2f90c9d9f.bin              68.66     55.88     54.41
6e297cbfc8e09bb9eb30110ac80ddcf5.bin              61.76     27.27     32.35
fd0caac776a35ee9a01a12cac2297c5f.bin              76.12     42.42     41.18
322994e572c174c5b607d86c15f23ef1.bin              66.18     57.35     56.92
cd47ca6ed25466dc410390eef457b07c.bin              57.35     19.12     17.91
6d87f9ad1121b8597d7251791cd3ec28.bin              72.06     33.82     33.82
9322a090db785d4480462c6160132cbe.bin              70.59     35.29     35.29
147f31ef8cc99c98a3868b8ecca94a58.bin              83.82     73.53     72.06
be36a2ff8911ebd7f41d25539094f855.bin              85.29     82.35     72.06
ddce4462ec970b9c622fa597d617100c.bin              64.18     54.41     54.55
4be66e2ff6a73d195a9ef0f8093f2202.bin              55.22     32.35     31.34
e20e432768b460a57ff79c6b091b8c2c.bin              67.65     58.82     57.35
3ed228f048c5d71ad5fc8a7174da649f.bin              77.94     51.47     45.45
ce6641e678265bcfa55b2c16cd6ae427.bin              69.12     38.81     38.24
ad4559068281601a618b00ac038a84cb.bin              70.59     52.24     52.94
de415a476603c5f57cb5df5fdc781ed7.bin              73.53     48.53     44.78
d4d9437d1e64a7e20cfcd016388c9671.bin              67.65     33.82     35.29
531bfea83204df3fab21f07a9751bcb7.bin              61.76     27.94     36.76
55034f61eeeabf0eb36751f06604b4d6.bin              64.71     40.30     41.18
6a2e83512edddef220d19c4836f469c8.bin              70.59     58.82     59.70
9e67f22a6dd67f0d3bf30b4753de8e28.bin              73.53     22.06     29.41
e00a8b066ca705a398e9c5f7a0ce1b72.bin              72.06     38.24     35.29
19dbd1d51d26fb2bc8f3116520d157c3.bin              69.12     58.21     58.21
5d89a28d952611f9789b69061b53a297.bin              70.59     52.24     57.35
d6c2e81979b8c67fbd186c0fed569632.bin              73.53     52.94     49.25
a6dfd3fd37df443ee6723c1be827935e.bin              71.64     57.35     58.82
ebe3fa2b79b8ff743138bf0b82ba60ac.bin              67.65     61.76     62.12
d8e8e8644fe5916b06576f789c274d0c.bin              64.71     48.53     47.06
671c181d059d610a8b95dfd74e6aa6c5.bin              85.29     55.88     58.21
3c7a9365503b022747b4ad467c678ae9.bin              73.53     36.76     23.88
b5e97e7ee95e4489020f0415910d75b3.bin              67.65     26.87     23.53
3a221ed42f2b24e6b8db6599934f5cb7.bin              73.53     52.94     52.94
084ff252f53046344de295551793d70f.bin              76.47     51.47     52.94
f12de9a9858b332eb530c1f5cdc069aa.bin              76.47     53.23     54.41
187fbf9b31ef63739e002f8037f2dc4b.bin              75.00     54.41     54.41
8eef3c8fea866fa8eee541b14e0336e3.bin              70.59     58.21     59.70
c56ec45dfcca4a3a947d6b5b1ed7f22a.bin              69.12     49.25     47.06
51aba49cf3b66c985c8e6cc6dc4e9e75.bin              70.59     51.47     48.53
7bd4133c581edf0fe60dfd9a7a6fbf9a.bin              64.71     39.71     36.76
79204eb2dd9b69bfca2e12e81d72e254.bin              69.12     43.28     42.65
d63df55e8f7053e84cff57e62fe26b86.bin              70.59     57.35     57.35
d961759ba0558688a224555d485c7065.bin              51.52     26.47     35.29
388ff86a7833f17361d4ea01d81989c3.bin              69.12     38.81     42.65
cc53a8bec06e73e919be26d19f846585.bin              64.71     55.22     54.41
68ab0fa28527175f504a4f132f0f9f3e.bin              69.12     55.88     52.94
e77fc65d49bd4845642659231d701b41.bin              66.18     41.18     41.18
f2bff0a319e9e5f264f715eb869b2584.bin              67.16     49.25     50.00
e7a621363966950ded0489f6c613fe45.bin              58.21     33.82     32.35
7b6d5580e60edde1815ab181c4d999a1.bin              73.53     60.29     60.29
0a9ee16a40bc666dfd517dcc3704bb4c.bin              67.16     61.76     61.76
8b1ab4b9b436658ee8ba71333a320f3d.bin              73.53     39.71     35.29
58fc573f49aa8fc940803ceea2f9a853.bin               0.00      0.00      0.00
e13fa64b0089df3bec74b7c36865bd6b.bin              75.00     42.65     26.47
bf9bd9ec79bf1cbe4dd0f8491c0d8bcc.bin              64.71     38.24     37.31
9d6b24d3cbf7293d92a77fb5937078df.bin              69.12     59.09     61.19
65df970d32de52d658293d677f692da9.bin              85.29     70.59     74.63
cf11025ba6ea07ce3f93ba621ea1d3c6.bin              67.65     48.48     50.00
d11d9e7c3d8c8012072dcb307a3d502f.bin              72.06     61.19     60.29
85837a0ea23124b1aed86931318259de.bin              73.53     55.22     55.22
3c654064467c656d943e4944a1816169.bin              67.65     41.18     36.76
4d4684d5ba67cf3af9d30241cb9cc061.bin              67.65     57.35     57.35
1677f3bca3a3c9ed94c1a882c21ecdf7.bin              73.53     22.06     20.59
173558188cb0536c325c394fdfe4c2e6.bin              70.59     38.81     41.79
91e47c5edd6db84038281ca31a38fa6a.bin              70.59     55.22     57.35
2ac7dccc8e5ec201adf896160c5699b1.bin              64.71     51.47     50.75
10a63b1ca125bf7f2a95fe199701198f.bin              73.53     60.29     61.76
b68d5d2d0d87d665d60af4928eaec7b0.bin              89.71     66.18     67.16
15abb72eb88a8abde57546697b8fb8d2.bin              72.06     37.31     25.00
4bd2c76007985e809c2456bb321af584.bin              67.65     25.00     27.94
290edae997e705ee7a145d566c02aeb2.bin              64.18     55.88     54.41
96e15e96af41ce03c3ab7c38ab77029e.bin              69.12     29.41     42.65
c16f07bc5d1cdc68de23b7e0d0c67ec9.bin              72.06     58.82     58.82
a37293f098b1ac1620bdfcdf62ae0055.bin              77.94     59.70     60.61
b60c284ea5738dfde38e435d66dc7613.bin              67.65     58.82     57.35
038cd9875a0b0466754ffb801c20e516.bin              66.18     45.59     47.76
fe4695dcd5f8c1ed1f670c4bfb1b7dfa.bin              76.47     50.00     45.59
cc051b50267596677074fd31462a0eb5.bin              61.76     48.48     49.25
dd6f31a93b2cbca567479e50c6da3138.bin              82.35     47.76     39.39
7ca91cf5eab3ad6c0012435be7596e12.bin              64.71     35.29     32.84
59f1eae03b2adc19dae6e2feb815ba99.bin              69.12     58.21     59.70
3f1bf0dc1c289009645dfb2f181d33a0.bin              67.65     55.88     56.72
e37a303c9e572c3041db597fb25a7277.bin              68.66     56.72     57.35
d136d7f3a4a307cd778073144b84eb84.bin              58.82     32.35     30.88
7c49c9751d752f293a169bc8f13b803a.bin              64.71     48.53     49.25
495942e14f14a953f27474cf0dcb857a.bin              69.12     48.53     50.00
eea97b5972d7a069f2bdbb9f8d180940.bin              73.53     52.94     51.47
6adb7f7ff5def183c2ea4c84e2f942bf.bin              66.18     40.91     42.65
55caaafd67c079b640edfc50bd87100b.bin              72.06     29.41     19.12
9f5eac610734a66b19284a110fea9c5c.bin              60.29     48.53     49.25
17f134011ec700147a1758eb97101ba1.bin              73.53     45.59     55.88
7cbad958a894cc67d7817cf33990c94f.bin              61.76     25.00     11.76
fbc9fdb053cb5d4570ca63d865bd49ed.bin              73.53     36.76     36.76
c7543bea5e4dc33d36241c7960787065.bin              70.59     32.84     35.29
705b159ac6c576390a4299bee140d862.bin              66.18     47.06     47.69
4ae6a22896ef2e547b9b50aabf2956a3.bin              73.53     47.76     45.59
92d29c2187b81347663176c6d440d870.bin              55.88     17.91     26.87
516259b0052b5ed16937249ebce52ebe.bin              72.06     61.76     57.35
edcf309a70d3df3d69d6c249c2cabf61.bin              77.94     45.59     39.71
e189b5ce11618bb7880e9b09d53a588f.bin               1.47      0.00      0.00
df51bb0ac36689ed8cd8c1e701cbd66c.bin              60.29     28.36     35.29
0ea0e67f0365f36fceddb84f51574e6b.bin              79.41     58.82     55.88
95cda21770ade05f8e5622004e6f613d.bin              68.66     45.59     46.27
23232eba03588823eeefab474a456738.bin              60.29     16.18     16.18
cad1e7c79c9d4d67918277e93e7d84e7.bin              76.47     31.25     30.30
e7a67dd4ed5c254ad4e4cf423278cfd5.bin              77.94     49.25     49.25
74271ac4910fed2e8f8a7ba771582afe.bin              70.59     44.12     44.12
9bbbd9432ab28161b56c581768ff7123.bin              70.59     35.29     27.94
144017b437b18c3df8d4550d96950996.bin              67.65     51.47     54.41
b5aba2e897401253850047369f5b1be1.bin              47.06     42.65     43.28
5e900b85e5325ffd3c2a740507120e65.bin              67.65     25.00     30.88
63e65cac8245c74b58de13f9fe4308e7.bin              73.53     50.00     45.59
ee1dd857816c1c3d613ab052b07a74bd.bin              68.66     48.53     50.00
94599166716ea1c0c11380c6bd33afa8.bin              67.16     51.47     51.47
21d297c18ae9c3c370649de3a4a4e088.bin              63.08     58.82     60.61
ff3bee25f8301380df0eff06d5bce058.bin              64.71     31.34     42.65
91fab3134fa54869da5f13af8257c69a.bin              73.53     55.88     55.88
ca780c4142f7a99aaafc74162f1ee9d7.bin              72.06     37.31     39.71
a062d5e6a001e34cc7fefb447c3bf0b9.bin              76.47     50.75     53.73
f8017ab28617a299ac89acb8a801586f.bin              50.00     25.00     24.24
9506ed180fb036fc90c484b35e1f1f8b.bin              66.18     55.88     54.41
534a0810fde1af10a1c26c6e153989b2.bin              66.18     32.35     30.88
4f94a31c6c6edf449c04aadd36f3d0db.bin              66.18     28.36     27.69
c5743c1ef4c576ff7c332fd0a82674d8.bin              71.64     45.59     41.79
03b0cf12c685d05055ea6d4eafd71068.bin              64.71     41.18     42.65
22daac96d7659824c6d7b3d4e09afe9f.bin              60.29     22.06     20.59
2f64a2a1da1264f9bd5e9b635e6c2b99.bin              68.66     19.40     17.91
dca29bb63f1dc58361d4585d4a9a59c2.bin              66.18     41.18     37.31
ea9fa00cb6ae921d05ef1be6775c536d.bin              55.88     43.28     44.12
7cc6064ca26c8c35e1998a40f0ae42f3.bin              67.65     47.06     47.06
ef4e53f57a4ac79b277bc502b021def3.bin              54.41     25.00     39.71
1b44630db3f24b3ed2e64fd4dec0e448.bin              73.53     52.94     52.94
ef780b6a28317dbfea1970c4dc083042.bin              67.65     25.00     23.53
25e3f2adc1e39b388802ff8e8715b629.bin              65.15     57.35     57.35
5207d06dfa8b3547bea0a5625c5110a0.bin              60.29     42.65     41.18
a7d4cf403f3d2cebc383103907087786.bin              73.53     25.00     29.41
d9db60cd53bd71f673c8c6de11a6dc56.bin              72.06     57.35     58.82
1549a0cc5c5f6f1673a36cafe5e913cb.bin              64.71     52.94     54.41
f2f90a8559b11be9083dff40c08d3534.bin              73.53     44.12     32.35
ea05f81a4e307dcf4c30a29a5c32718f.bin              73.53     52.94     52.24
18d3863f4d2d7d0860ac50f910b48ca2.bin              73.53     36.76     36.76
46a01062d56e846786c370b6bb6a9931.bin              64.71     48.53     48.53
b5be77b249480f8dbf5906f67245a6ba.bin              67.65     50.00     33.82
6b2e8f598b3ea45e75f58a0fbe29def9.bin              75.00     55.88     55.88
27f87f2465c91c2afbafca8882ee743d.bin              62.69     55.88     52.94
ba6d8aea420f5c8ddff91f98e56247db.bin              67.65     67.65     39.71
49366272014de5a358b40a485f39489a.bin              45.59     22.06     25.00
b6f8fdf33b7489d18f29d1d9773b58f7.bin              69.12     20.90     31.34
28ac61890003a76f7926f338e9b92cc0.bin              70.59     61.76     60.29
4c8c40eff0a1265a108368ac8ae164a7.bin              67.65     51.47     52.94
7ffce56bcb614f33bbd2a87e11540e10.bin              76.47     63.08     61.76
40a0b8fdf1c54cf775ae655d5cdfdab6.bin              66.18     22.06     22.06
679bede82714e12a56a5d48a72a5af31.bin              45.59     22.39     33.82
079e162ebdd59a9ecd923187c6862626.bin              65.67     47.06     47.06
3aac4d5f1ff5a2953115a9b83c36405e.bin              66.18     55.88     55.22
e4061f36b993d53d64b9f2c1218fe1f3.bin              70.15     25.00     30.88
bb2e7b288d418c636695d59e8cc5e2d0.bin              63.24     42.65     47.06
45306e14fefab9cfae1ec36714e7664c.bin               4.41      4.48      4.41
4660a4d512231c9a385ac4fccec73431.bin              63.77     44.12     38.81
827a8fe19a886ad5ff1bcacb4dd9214f.bin              71.64     35.82     35.29
81b4fb1e0a1e27d8ea9da1b57bcc3945.bin              70.59     31.34     25.76
04a5209cc3a4df24ca9cc5477b6aa753.bin              64.18     17.65     19.12
695918a58808dcab6698c4d9904f6052.bin              57.35     44.78     44.12
d7d0bad5354f64eb6a6e2453a7e327bc.bin              58.82     46.27     45.59
897abff735154523041fadf7226a04dd.bin              61.76     48.53     46.27
fc124c9c52a245c417088f9b703b8284.bin              70.59     55.22     55.88
9038643541d93a90e9ffac7014ea1c07.bin              67.16     54.41     54.41
7159f37194ac1b819e47f9fd09d26efe.bin              67.69     52.24     51.47
6186b4518c85f0177133088fb394ccde.bin              53.73     53.73     53.73
6c332551c21a7a87e0bd8f9e9aaee725.bin              76.47     51.47     51.47
a55cda8765625271a497daeb7e1feda3.bin              72.06     51.47     50.00
ee3da49a58273c64bd30016c7d325e30.bin              66.18     48.48     49.25
a436d494e660698dffcaa41ffce9b5d3.bin              66.18     48.53     45.59
850e8901f7266c7bdcde3536080fdf10.bin              60.00     35.82     48.53
723d67aa10a0043a98a0ef0a20ea45b2.bin              73.13     42.65     39.71
951a7243ad61b91264d520bed863d8ae.bin              69.12     36.76     30.88
f8385fbfd75ddf158443b15c9bc8c868.bin              67.65     41.79     41.18
4ccece115ce1ce38d64087913f2c43ca.bin              75.00     52.24     48.53
ed9113a3955176c8d411d799c9088b19.bin              75.00     54.41     51.47
6af7f68d7ae57072e055335e970ceefb.bin              75.00     64.18     63.24
1d3fdc9e8d87b609b082bdd9e93449cf.bin              73.53     42.65     35.29
3a156fd70397c50195f818a14cd818df.bin              73.53     39.71     36.76
4fc5fc108754bce38d0dc714c4b985dd.bin              64.71     39.71     35.82
381951afbfb2507878cd7544f83075cf.bin              63.24     52.94     52.94
44ff02750fdf80415134c903c1edaf71.bin              67.65     53.03     52.94
f74c2c51ee6952f113df589d1049dd06.bin              64.71     46.97     49.25
7434b9b4a9beabbfb91ddfb42ca4a1b2.bin              71.64     29.85     22.06
79ec2f6b733055c37783a4c07285a7fc.bin              75.00     34.33     26.47
86c820498985455dd96684786d181e47.bin              69.12     58.82     59.70
bddbac06749110ddf8ab100c1bbf1cd9.bin              20.59      8.82      8.82
ebb7752255910a387516be1c85abf06f.bin              70.59     37.31     28.36
98799355396a485df3eb1e03c56f2dd0.bin              72.06     48.53     47.76
b147649fcfd68e5e06d26c897ec0f209.bin              50.00     19.12     26.87
0385726f7149c0b22e6873ab98475f5e.bin              86.76     72.06     72.06
12c99492a1303ae5864a016ea0172621.bin              63.24     44.78     44.12
640b5a31021dd89489630399826d998a.bin              73.53     60.29     56.72
cfed09d803a0419e83f5dee78673a441.bin              70.59     47.76     48.53
0a9864ea2e100e0ef8fecc7a11060756.bin              72.06     47.06     44.12
e018c0596e0848dd3a50c175bbd97665.bin              67.65     57.35     58.21
f8ca1b780978906655a1d822ca6de1e6.bin              70.59     38.24     37.31
97bf65efe6473f377203a8c1c72686be.bin              70.59     52.94     51.47
7d2f07db75cbc17762b6d7ceca4cebef.bin              61.76     37.31     36.76
d27af0f0b985470e2f74de936a5296c8.bin              72.06     41.18     42.65
659d7b08bf821b53771f6159a0ea4056.bin              73.13     60.29     60.29
b409ca3b1d8c92afb6d29355f76386bb.bin              49.25     22.06     30.88
dc479951dc45860f2430ffc38c6c14a6.bin              76.47     52.94     51.47
e0915fce4eb5b8b00eccaec8a6acd8cf.bin              72.06     46.27     48.48
c8f89b1d5589014eb9d8a78720822a6d.bin              69.12     48.53     48.53
a72f283ed0cb03b00db3ca9d808bdc77.bin              64.71     22.06     22.39
3fc38533d2904046129fc660aaa20ce1.bin              64.71     51.47     49.25
1d5d7b2c785bee24d17449e576ec1c01.bin              67.65     55.88     55.22
ec94ef9477e21bdc7c6e2d7f6f8fd0b5.bin              67.65     55.88     58.82
2532cf6e42031ebc3d2241a58703a14e.bin              75.00     63.24     60.29
ca92b2a06320fa138989ead470e6b8f5.bin              67.65     40.30     42.65
d055a5a8cb8c8a27f166d8513a2f2c27.bin              72.06     44.12     39.71
50fbd44bbb69d0aa1632262dad0e2c15.bin              57.35     46.27     44.12
c4817eb3131a8de43637f9e30bf6d794.bin              83.82     45.59     44.78
97ccb0012542ae1f254e3df8076afb76.bin              86.76     69.12     67.65
eb93975822f9a987024807928c84e0c1.bin              69.12     58.82     58.82
9f16128be5186f8fe13d7d7534e54056.bin              66.18     55.22     53.73
d3999e423e201913896e44812a25cd6c.bin              70.59     61.19     61.76
b546902133fe53cebce3e929c9ab4aad.bin              77.94     45.59     38.24
9dbdfbfc5039b8d245b96cd1e8bb6518.bin              70.77     54.41     54.41
e842f4f7ea0490e450b015456d795d8c.bin              72.06     57.35     57.35
5ba0330bbf2a5b9aba05fa7d9add8fac.bin              76.47     52.94     50.00
2c322b2d19aa9265465d66d03d6cb9c7.bin              76.47     51.47     47.76
e4803a2dcd8131a6a7dd11901a145a63.bin              54.41     32.35     35.29
634e19507fe12edb0e857f9030cc27b1.bin              73.53     53.73     53.73
8fb40eca7be79252ce571aa1dd19287f.bin              63.24     19.40     29.41
c99ad4c90f2ee78dfd37e8c3c4384032.bin              64.71     35.94     36.76
39506fc43c79c5fa1005cfd7555866cc.bin              78.79     57.35     54.41
dacbf4f2e42f28bffe11e92d7592fb60.bin              67.19     35.29     22.39
2deeb2237932d1bdbd74326ed3012aa5.bin              69.12     58.82     58.82
f5380efb21a521215a83255b3b675ee4.bin              70.59     38.24     30.88
0e1da8a66cb1507e628e20056ce8d714.bin              76.47     54.41     51.47
e5f46d368e4b1a188bb9292ed5bb39bb.bin              45.59     43.28     44.12
51318c6d6231ab23167e10d1cae678e6.bin              69.12     56.72     55.88
ba9f2b64df4bd9cb44c6be4f03c780fc.bin              82.35     76.12     72.06
04d8636913c370e77e69f1cdc6b18998.bin              72.06     57.35     55.88
ae386cda11c582f89cd32ba28d2d8a74.bin              76.47     28.79     19.12
12d218db4a52fc7e2f7277d8178feb14.bin              66.18     59.70     60.29
6c15d1dbc6c9a44ff95201d573dca913.bin              67.65     58.82     55.88
72c2fe0438842628d13b4ede456665d4.bin              64.71     50.75     50.00
921cfaef8998c415142042c81db8c6ec.bin              67.65     38.24     39.71
c5ea63b4a3c39068c074cff74050f33b.bin              73.53     45.59     44.12
709f957e6dbe9b0c1457e92aa4cc48d6.bin              66.67     61.76     61.76
bbd9957fb9f361e0d32cc2f61dc73134.bin              69.12     42.65     42.65
4cfa8ed411fd384978ef1f3c009ce40c.bin              63.24     45.59     44.12
e7eea6c13cf560ac48f69b58cbf30806.bin              72.06     47.76     47.06
0b71d68d32b912400f101d981e7542ff.bin              75.00     44.78     44.12
1fe91d343f34400adaf7a5785762226f.bin              70.59     60.61     60.29
eaa76171cf592d267a4fa90bc95a0e6c.bin              75.00     52.24     50.00
2878e90fe21581542806b7ef5daa7fa3.bin              64.71     54.41     53.73
1fa45d9a2156a4d66be5c979da1a2dda.bin              69.12     51.47     52.94
7cd51ed7687a080cbf8cb1ce8c809822.bin              70.59     60.29     55.88
9def7864a699c325b7821775352a56f8.bin              57.35     29.41     30.88
f92cb0a794a32b30b5c0d124b74dd8b6.bin              73.53     36.76     35.82
1d3252995895e2d04e8ea78e71c6643b.bin              64.71     50.00     52.94
45957b8e1bd7aaed9e25e2c495bd1e72.bin              73.53     64.18     63.24
5861631998c71edda694711c7a0ee616.bin              66.18     47.76     43.94
8caf6ed4741f138d0e08f3a377b89442.bin              75.00     61.76     57.35
02f85d2a4e29285d1b26edcc86829c89.bin              73.53     39.71     39.71
b8ed029d8703203a8495d42cff35584b.bin              67.65     27.94     38.24
2f1329948d77ec2847c68affaf99b5aa.bin              66.18     39.71     35.29
478374c2ce1895c0f28aa125dda4fa22.bin              47.06     42.42     41.18
faaa0bff6811a06705708d2a5d6d5fea.bin              70.59     35.29     35.82
6360c0ce7075745365dd51ba6dddb962.bin              64.62     48.53     49.25
25eb54bd064b2468903d19f94a5a85a5.bin              67.65     31.34     20.59
2427af2eac0b8330b74fc5515804fd51.bin              70.59     29.41     29.41
06434edc3560264b12459050e8f294a9.bin              69.12     52.94     52.24
876f4a2500bd5fc144507d8487abb9f7.bin              85.29     72.06     72.06
07287d95df0f04d4cc8f9bb4111e172a.bin              72.06     58.82     58.82
07d9cbe17d5e19916f075c7d5c9dc994.bin              72.06     44.78     45.45
06c541d2189ac55fd5500fc62e5ef1c7.bin              73.53     30.88     20.90
10ec30bdc186f1189c860b9e78c0d504.bin              73.53     41.79     41.79
cee0558e62ee2346f600e122413e0269.bin              63.24     54.41     52.94
7b3b8719e9650aa4f9b3d75a7d212029.bin              69.12     38.24     39.71
3d3db0ce6240ee03bcd9094cd72032bd.bin              58.82     19.12     18.46
ccc2fb58facdad1bb81383b4a10c3fcc.bin              70.59     38.24     36.76
d702ddf58bde3c0eb3e726a496388cf0.bin              59.70     51.47     51.47
b482b00ebe23ae8499b56ca34c58a8b8.bin              48.53     48.53     48.53
d4da071781e40de474f1be26dda92a3a.bin              70.59     51.47     52.94
4396b1505d68248d0762c2e9480698d6.bin              73.53     57.35     55.88
2d53fe3e971c3814cb037c6e03362108.bin              67.16     55.88     55.88
84a2e7b12013b5b51162f1530c206065.bin              76.47     51.47     47.06
bad8cae641467f7bd16baf303b28775a.bin              64.62     40.30     41.18
b9b1388121c37a839b59fdb620479282.bin              76.47     41.18     40.30
2ab9bd43eb525a49a1d819467ba4722e.bin              72.06     50.00     48.53
c04c73e3084aa98f31ebe319305d7b5b.bin              70.59     54.41     54.41
26592366cb091ba84821f1f54bc583f6.bin              72.06     39.71     36.76
6e3337c11015d02bb77fcf3c41b8f8fb.bin              66.18     60.29     60.29
3057f57ee47dc989ae8edfa8f889f40c.bin              39.71     39.71     39.71
3c5a11e90d54aa5bc872c806ff955897.bin              73.53     38.24     34.85
5bb029f985146a1804b9934817588449.bin              89.71     67.16     67.16
39c8881664d6a01394594d4c168299ea.bin              50.00     25.37     25.00
35ceb771fd5eaff0afb83824ef546c87.bin              53.73     50.00     52.94
4954a92891ad44a3939ef310eb6f5128.bin              72.06     41.79     20.90
fd5cc1a429fa00befc13e1c3748b4a1b.bin              69.12     39.71     27.27
a2e2f97c4e07d555f561d47467b728af.bin              68.66     54.41     53.85
1d4def40592dac2ca0a757fb218e49ae.bin              70.59     44.12     44.78
8ef5f25b60288e5df663a27235c6b45d.bin              61.76     52.24     53.85
ccfee0f37b0e2952d8c77438fc1e5e13.bin              67.16     29.85     42.65
3dc1602616a9a6c4611aa5bc47fba2a6.bin              72.06     45.59     38.24
c4f388fa292f93e48bafa249364d502b.bin              66.18     47.06     45.59
a369b30664566903375da21aba16f16a.bin              64.71     60.29     60.29
14724d56537c413adc22b0d198613135.bin              71.88     58.82     58.82
6bc177d29557f136ec0fcae7f36ba322.bin              73.53     56.25     59.09
bb9c4a4bf95da36ac562c3ebbcd09be8.bin              74.24     25.00     34.33
1fa42868f8a04f01474ded43de63de02.bin              47.06     26.87     25.00
5af267c804782bdb49d18663f4d7d57d.bin              61.76     29.41     32.84
dd73e1ceac10fcbf72b69058a5e55a8c.bin              73.53     23.53     32.84
e8673ade6321dffe1de2c9088d95e1aa.bin              68.66     51.47     50.00
efb72c1ec0608a79de8bd3ee79c0bad2.bin              82.35     64.71     57.35
45086af453cafa39205425d604fba452.bin              60.29     48.53     48.53
c4da9b77dd839487eb2060e7e933f364.bin              73.53     44.12     38.24
aed9577de8602161bc945ce128422d61.bin              66.18     27.94     29.41
c05c460134c27ea1a186b0b6ff06f54d.bin              25.00      7.35      7.35
74ac6f82c0b37b7c38fac94ade6d9f5e.bin              73.53     64.71     64.71
8095c11fb8ab2820b627fb1e23900149.bin              44.12     27.94     26.47
7fe151cd81d0ad3a8ff37f2a477920a5.bin              49.25     22.39     38.24
1ab6e7034290638a703a5be1c2e524cb.bin              54.41     26.87     25.00
09b751895eb1ed5259f6fdf786eea1fc.bin              67.65     47.76     48.53
36d7f5089e84974e73c91388e7780c51.bin              72.06     17.65     19.12
e7f3f5269a54c0f5a797fc89c41e59cb.bin              67.65     45.59     45.59
b5f2f8bf5757dcdcf1b2780d2f289f4b.bin              73.53     27.94     26.87
29c90250a8a6bdf8c91a760435531ab5.bin              69.12     50.00     45.59
23ca6860f111aaa2bcc4059f3c88682b.bin              86.76     83.82     71.64
b51ecb27bd010068ed523490f335e477.bin              45.59     22.39     20.90
1c8a4f4416a23c6b9ba6e735704928ad.bin              65.67     57.35     57.35
24bd9dc27bee5504cf4bcd7c3f345c89.bin              58.82     48.53     50.00
679f1d162b9b8ba919518797079e7fe1.bin              73.53     58.82     58.82
76c4c142b5e311274a906ca959a07abd.bin              67.65     38.24     41.18
426642dfa9627fdd2fd2983fb49355e0.bin              70.15     51.47     50.00
503ac03495db50630f9ac18f2d69e0b3.bin              75.00     59.70     55.88
3e5f14b84334022a85d003ad309ea582.bin              38.24     35.29     30.30
3d89e06120812d407be3f5a991884891.bin              67.65     51.47     50.75
f92c6c0090bb056a554c9cb2d4913f40.bin              82.35     43.94     43.94
cfa1e4419b896280a198692de32d1939.bin              67.65     45.59     45.45
4f89c51dd9aca4141f6d2d4764ffb05f.bin              82.35     72.73     73.53
5d3dce106f0324623f7cabb33557b442.bin              75.00     50.00     39.71
ada1a73dcac6ec90d082948b96e1dc32.bin              69.12     58.82     58.82
b7bb3c2603865b8ffece2ce07d632392.bin              73.53     38.24     31.34
e54f854f6d0fc327db8cd9342d8eda0a.bin              73.53     22.06     30.88
3cecb79b3779ac7e39a0e7e3d5dbaaa9.bin              75.00     20.90     19.12
6f7704ea1c75093f941b3b73f46035f4.bin              63.24     50.75     48.53
325c452652faeb4f4a40ae32ec23916e.bin              73.53     57.35     57.35
3cd198a213678a7291655413f28b0286.bin              60.29     29.85     27.94
0807b7e89109511dfa9cde1c207a5aef.bin              62.69     54.41     53.03
8966d576c3ef2e24d3629d77578a9095.bin              82.35     63.24     60.29
53b30770f036a586378da28766425bac.bin              69.12     50.00     52.94
3ec620e737025ec1991038122d0d556d.bin              54.41     43.94     42.42
79e019899ab2bda3982b0ce4460eab06.bin              69.12     33.82     32.81
55063b3d056bfd8712cdb72a13493d50.bin              70.59     43.28     38.24
53e8fb05701cb37ffc3891045fe22a2a.bin              72.06     60.29     61.19
bfd61b456cdc90a35cc01f0dff812eb1.bin              67.65     38.46     35.29
6fcadf8d0da38627c27acccee5d2f468.bin              67.65     16.18     32.35
46def45403ea5ceb416c7dab7a709f65.bin              73.53     32.35     29.85
2e71c9c0216dd40bad23c9b3be662a12.bin              69.12     36.76     36.76
af79eb8a77c46f99d2a80841353679d2.bin              64.18     64.18     50.75
36de5b508a1fb590f0996f299ecbf69a.bin              70.59     49.25     49.23
39f22466ffb08c16f998247985148530.bin              68.66     41.18     38.24
7ceb509051e3cc229b815a3d3cda3119.bin              67.65     36.76     38.24
8ecce358999ffcbfde3e2fc0be39d62b.bin              69.12     48.53     47.06
a2e89ab1456b2c9c6f8a9b6c167e41d7.bin              57.35     51.47     52.24
9ac701416bb6bcf79b86ed4b3a83da1e.bin              64.71     45.59     37.31
848b3a8da305d757322bae953ac6a1e1.bin              72.06     54.41     50.00
03407bd09429faabf0d557338ecd0f8c.bin              67.65     45.59     44.12
386df2a6347f2fcd2695c782c9827044.bin              73.53     49.25     51.47
ae4b19a9eb35ccc25b11fbd6e39f329d.bin              68.66     54.41     50.00
3b67fad170f033422ca52f7a8b121816.bin              70.59     39.71     41.79
a7e042aa098fd9b1ad5919a2ab1fa690.bin              75.00     25.00     25.00
d7dbd0ecaa5d0b9a489a741922cd240e.bin              71.64     19.12     27.94
6cf773fabe72cac8c1a6722fca1f782a.bin              52.24     52.24     52.24
8660879b54ec8192ea746dc178f4b23a.bin              69.12     29.41     27.94
5be83a07e6e9a1fbf4371899a373c615.bin              62.69     41.18     46.27
f68fa0b529898755a84ea789057066a6.bin              63.24     38.81     42.65
d4e0ad405bfd4e70d67ea1011713fe98.bin              75.00     25.00     32.35
b687422606aa64061647c80085d9346c.bin              67.65     13.24     23.53
607b4fb1773d46dd7d9e18473e9649d0.bin              66.18     33.82     33.82
3db551a5d0f644789182447d95db5bae.bin              76.47     23.88     25.00
2b497033fe6fcead7048e19375140ec9.bin              45.59     17.65     17.65
f8934f0cabc82531c132492b55d19ce8.bin              64.71     38.24     38.24
f812942cdec6f09a9b2627f91136555d.bin              69.12     55.88     54.41
23370344cbe892014c18f3bc5ca05582.bin              63.24     50.00     48.53
2a89467942f02f44f0569518009fafcf.bin              70.59     38.24     38.81
92611cce4af225f9c48d2ef0be92cede.bin              50.00     25.00     25.00
f15bddd8717755b2880bd92901be23e4.bin              73.53     54.41     55.38
e87932e6dacdbc1b43f369a15ab42768.bin              72.06     38.81     39.71
e16b8b8752a56aa0fbdda09f07041806.bin              73.53     38.24     38.24
56dc56120820a3ac851cd3372e43bb9f.bin              70.59     52.94     52.94
56c7d106cfd93bbeb7d9890368485b89.bin              64.71     27.94     38.24
328d405ff0172b6153e383f1e539037f.bin              70.59     57.35     54.55
0650e0c90844adcd18ebf4a47ee55389.bin              66.18     60.29     60.29
74480875ef3e22fe33a912b9d0ec2db1.bin              73.13     33.82     29.41
6baa1718b34a246be17d7028033140ac.bin              65.67     55.88     55.22
a1cd46cf4f7081369632508ffde19f8f.bin              67.65     51.47     51.47
dafef1b813b8583036c95edd125170db.bin              66.18     57.35     56.72
